{
  "X_scale": 154.34375,
  "X_offset": 798681.65625,
  "Y_scale": 132.25,
  "Y_offset": -5450618.25,
  "Z_scale": 138.75,
  "Z_offset": 3203802.25
}