{
  "X_scale": 154.34375,
  "X_offset": 798682.84375,
  "Y_scale": 132.0,
  "Y_offset": -5450618.5,
  "Z_scale": 140.25,
  "Z_offset": 3203803.25
}